23.7 14.98
2.1 34.67
97.4 82.75
31.4 68.19
25.1 23.63
52.3 97.92
42.9 76.78
77.7 85.45
3.8 72.02
6.5 28.21
62.9 4.13
41.1 43.01
51.3 84.52
15.0 95.22
59.2 75.17
88.5 72.18
6.4 93.81
56.4 95.51
50.0 10.57
60.8 16.56
5.1 30.09
28.6 36.72
18.1 47.68
86.9 12.34
48.8 56.0
96.0 69.54
92.5 43.01
96.1 48.22
57.3 53.61
18.7 94.39
90.6 84.19
83.3 9.53
7.2 54.74
59.1 21.12
10.8 13.11
85.5 28.55
50.0 9.42
22.4 43.55
31.4 68.63
84.4 45.44
2.6 43.9
31.6 32.86
62.4 64.31
41.3 21.1
87.0 11.29
95.8 80.3
34.1 85.54
28.6 19.28
38.6 69.73
23.9 47.85
